1003 9586
1006 5605
1009 4718
1012 6668
1015 3320
1018 6992
1021 5963
1024 2956
1027 6129
1030 10414
1033 7148
1036 9349
1039 7700
1042 7848
1045 1802
1048 9478
1052 3164
1055 5516
1058 3293
1061 1233
1064 4369
1067 1895
1070 4037
1073 2903
1076 8860
1079 10235
1082 6934
1085 9099
1088 2987
1091 2644
1094 1433
1097 7132
1100 8597
1104 3760
1107 3761
1110 8871
1113 7191
1116 5854
1119 4003
1122 5898
1125 8975
1128 7790
1132 5378
1135 8431
1138 9838
1141 11554
1144 8371
1147 7426
1150 4153
1153 11424
1156 9935
1159 9167
1162 7216
1165 2185
1168 9002
1171 4463
1174 4251
1177 5818
1180 5824
1183 9473
1186 5405
1189 8132
1192 9812
1195 9989
1199 7564
1202 4033
1205 2425
1208 4809
1212 6688
1215 5702
1218 9278
1221 7797
1224 9508
1227 9668
1230 7724
1233 8014
1236 3601
1239 6751
1242 6481
1245 6678
1248 6093
1251 6901
1254 9584
1257 5051
1260 6226
1263 6299
1266 5166
1269 9283
1272 9077
1275 10846
1278 7460
1281 8459
1284 10014
1287 9821
1290 7420
1293 14441
1296 10613
1299 12357
1302 11488
1305 6113
